%YAML:1.0
---
ExternalTriggers:
  channel_id: 0

CameraMatrix:
  data: [1.7246203830677950e+03, 0.0, 6.1730177133261282e+02,
         0.0, 1.7246203830677950e+03, 3.7221319171412114e+02,
         0.0, 0.0, 1.0]

DistCoeff:
  len: 5
  data: [-8.4523607708805015e-02, 3.6836805732151690e-01, -1.5400883617571117e-03, 6.7692204492687141e-04, 0.0]

